1 0 0 0 0.7905873717 0.2383601304 0.0044588493 0.0130170660 1 0 0 0 
1 0 0 0 0.9995194933 0.0008075751 0.0001050885 0.0000012202 1 0 0 0 
1 0 0 0 0.6170097646 0.4048381383 0.0063021153 0.0111586534 1 0 0 0 
1 0 0 0 0.9987628895 0.0016188898 0.0001671803 0.0000041770 1 0 0 0 
1 0 0 0 0.7353069808 0.2683719115 0.0006198738 0.0015462171 1 0 0 0 
1 0 0 0 0.9975517297 0.0126736164 0.0000332080 0.0000374375 1 0 0 0 
0 1 0 0 0.5249538331 0.0668799017 0.2246329555 0.1623404252 1 0 0 0 
1 0 0 0 0.7288343939 0.2825158103 0.0049031872 0.0159635064 1 0 0 0 
0 1 0 0 0.6357926432 0.2378154013 0.0082895658 0.0695187820 1 0 0 0 
1 0 0 0 0.7653813923 0.2434457820 0.0039286944 0.0097909438 1 0 0 0 
0 0 1 0 0.4592407277 0.0824523355 0.1946040660 0.1767398507 1 0 0 0 
1 0 0 0 0.6130826783 0.3922881401 0.0124798922 0.0109801763 1 0 0 0 
1 0 0 0 0.9969091105 0.0085497722 0.0000046032 0.0000113130 1 0 0 0 
0 0 1 0 0.5025278627 0.1201122656 0.2197113154 0.1693465647 1 0 0 0 
0 1 0 0 0.5621758730 0.2362069383 0.0246808150 0.0972189872 1 0 0 0 
1 0 0 0 0.9904815554 0.0111182090 0.0000568420 0.0010202913 1 0 0 0 
1 0 0 0 0.9993978465 0.0014653023 0.0000034218 0.0000026221 1 0 0 0 
0 1 0 0 0.7128753857 0.0698834932 0.1157033560 0.0848275978 1 0 0 0 
0 1 0 0 0.6357926432 0.2378154013 0.0082895658 0.0695187820 1 0 0 0 
0 0 0 1 0.5609272792 0.2743054643 0.0197306895 0.0877501009 1 0 0 0 
1 0 0 0 0.6596928727 0.3531737639 0.0047708133 0.0154687335 1 0 0 0 
1 0 0 0 0.6534915355 0.2739146251 0.0016745107 0.0461002249 1 0 0 0 
1 0 0 0 0.6740127280 0.0494123804 0.1276582598 0.0710976927 1 0 0 0 
1 0 0 0 0.9995194933 0.0008075751 0.0001050885 0.0000012202 1 0 0 0 
1 0 0 0 0.4592407277 0.0824523355 0.1946040660 0.1767398507 1 0 0 0 
1 0 0 0 0.9995194933 0.0008075751 0.0001050885 0.0000012202 1 0 0 0 
0 1 0 0 0.8043450052 0.1964706456 0.0059849298 0.0033465508 1 0 0 0 
1 0 0 0 0.9897753512 0.0045114838 0.0000306810 0.0004786088 1 0 0 0 
1 0 0 0 0.7333482714 0.2552050173 0.0081726547 0.0063959842 1 0 0 0 
1 0 0 0 0.5609471097 0.4351748664 0.0190241137 0.0099663869 1 0 0 0 
1 0 0 0 0.6596928727 0.3531737639 0.0047708133 0.0154687335 1 0 0 0 
1 0 0 0 0.7905873717 0.2383601304 0.0044588493 0.0130170660 1 0 0 0 
1 0 0 0 0.9897753512 0.0045114838 0.0000306810 0.0004786088 1 0 0 0 
1 0 0 0 0.4029001334 0.0823130972 0.2842529469 0.1636374665 1 0 0 0 
0 0 1 0 0.5249538331 0.0668799017 0.2246329555 0.1623404252 1 0 0 0 
1 0 0 0 0.9967902559 0.0018476256 0.0000011136 0.0001231788 1 0 0 0 
1 0 0 0 0.6048632735 0.3847159306 0.0134067515 0.0093141165 1 0 0 0 
1 0 0 0 0.9904815554 0.0111182090 0.0000568420 0.0010202913 1 0 0 0 
0 0 0 1 0.7128753857 0.0698834932 0.1157033560 0.0848275978 1 0 0 0 
0 1 0 0 0.4614479630 0.1169998022 0.2514989861 0.1770311225 1 0 0 0 
1 0 0 0 0.5903403149 0.2792360851 0.0097610559 0.1068076139 1 0 0 0 
1 0 0 0 0.6283114844 0.3750828039 0.0076212157 0.0288660126 1 0 0 0 
0 0 0 1 0.6534915355 0.2739146251 0.0016745107 0.0461002249 1 0 0 0 
0 0 0 1 0.4029001334 0.0823130972 0.2842529469 0.1636374665 1 0 0 0 
1 0 0 0 0.6276641204 0.3725283209 0.0051056769 0.0193165879 1 0 0 0 
1 0 0 0 0.5969232761 0.3801436824 0.0113647353 0.0163736610 1 0 0 0 
0 1 0 0 0.8043450052 0.1964706456 0.0059849298 0.0033465508 1 0 0 0 
1 0 0 0 0.9933810615 0.0034840885 0.0000040891 0.0002116979 1 0 0 0 
0 0 1 0 0.5189873205 0.0832236550 0.2087574231 0.1933443941 1 0 0 0 
0 1 0 0 0.6710256782 0.3133131166 0.0021563040 0.0290758100 1 0 0 0 
1 0 0 0 0.5621758730 0.2362069383 0.0246808150 0.0972189872 1 0 0 0 
0 1 0 0 0.6920698294 0.3167937414 0.0025930915 0.0167572816 1 0 0 0 
1 0 0 0 0.4592407277 0.0824523355 0.1946040660 0.1767398507 1 0 0 0 
1 0 0 0 0.6560445719 0.3407810249 0.0066644254 0.0165281432 1 0 0 0 
1 0 0 0 0.4613274209 0.1482652203 0.2227681287 0.1649395376 1 0 0 0 
1 0 0 0 0.5611287357 0.4415104555 0.0071477340 0.0140225367 1 0 0 0 
1 0 0 0 0.9967902559 0.0018476256 0.0000011136 0.0001231788 1 0 0 0 
0 1 0 0 0.7905873717 0.2383601304 0.0044588493 0.0130170660 1 0 0 0 
1 0 0 0 0.9897753512 0.0045114838 0.0000306810 0.0004786088 1 0 0 0 
1 0 0 0 0.6170097646 0.4048381383 0.0063021153 0.0111586534 1 0 0 0 
1 0 0 0 0.4592407277 0.0824523355 0.1946040660 0.1767398507 1 0 0 0 
1 0 0 0 0.5249538331 0.0668799017 0.2246329555 0.1623404252 1 0 0 0 
1 0 0 0 0.7525807910 0.2751859079 0.0006847050 0.0132744654 1 0 0 0 
1 0 0 0 0.6170097646 0.4048381383 0.0063021153 0.0111586534 1 0 0 0 
1 0 0 0 0.5896673399 0.3006092612 0.0130870234 0.0795868516 1 0 0 0 
1 0 0 0 0.5832188594 0.4176338351 0.0048863051 0.0113315938 1 0 0 0 
1 0 0 0 0.5969232761 0.3801436824 0.0113647353 0.0163736610 1 0 0 0 
1 0 0 0 0.6908233365 0.3346486172 0.0034373220 0.0187841915 1 0 0 0 
1 0 0 0 0.5292594098 0.2762774361 0.0378998372 0.1262309079 1 0 0 0 
1 0 0 0 0.9969091105 0.0085497722 0.0000046032 0.0000113130 1 0 0 0 
0 1 0 0 0.6064130824 0.0595271296 0.2083147328 0.0913015319 1 0 0 0 
1 0 0 0 0.4078062645 0.0933136019 0.2394845412 0.2134769727 1 0 0 0 
0 1 0 0 0.5292594098 0.2762774361 0.0378998372 0.1262309079 1 0 0 0 
1 0 0 0 0.6170097646 0.4048381383 0.0063021153 0.0111586534 1 0 0 0 
1 0 0 0 0.6207493479 0.3289382449 0.0074576045 0.0706784300 1 0 0 0 
1 0 0 0 0.5609471097 0.4351748664 0.0190241137 0.0099663869 1 0 0 0 
1 0 0 0 0.6740127280 0.0494123804 0.1276582598 0.0710976927 1 0 0 0 
1 0 0 0 0.5832188594 0.4176338351 0.0048863051 0.0113315938 1 0 0 0 
1 0 0 0 0.6276641204 0.3725283209 0.0051056769 0.0193165879 1 0 0 0 
0 1 0 0 0.7124742003 0.2777592945 0.0009887886 0.0169989015 1 0 0 0 
1 0 0 0 0.5550892527 0.4339345686 0.0038750542 0.0150686742 1 0 0 0 
0 1 0 0 0.5621758730 0.2362069383 0.0246808150 0.0972189872 1 0 0 0 
1 0 0 0 0.9897753512 0.0045114838 0.0000306810 0.0004786088 1 0 0 0 
1 0 0 0 0.7288343939 0.2825158103 0.0049031872 0.0159635064 1 0 0 0 
0 1 0 0 0.6596928727 0.3531737639 0.0047708133 0.0154687335 1 0 0 0 
1 0 0 0 0.9975517297 0.0126736164 0.0000332080 0.0000374375 1 0 0 0 
1 0 0 0 0.6225999155 0.3961792176 0.0073472345 0.0193919311 1 0 0 0 
1 0 0 0 0.9966362642 0.0108602988 0.0000030772 0.0000029242 1 0 0 0 
0 1 0 0 0.5292594098 0.2762774361 0.0378998372 0.1262309079 1 0 0 0 
1 0 0 0 0.9967902559 0.0018476256 0.0000011136 0.0001231788 1 0 0 0 
1 0 0 0 0.7333482714 0.2552050173 0.0081726547 0.0063959842 1 0 0 0 
1 0 0 0 0.4592407277 0.0824523355 0.1946040660 0.1767398507 1 0 0 0 
0 0 0 1 0.6207493479 0.3289382449 0.0074576045 0.0706784300 1 0 0 0 
1 0 0 0 0.6710256782 0.3133131166 0.0021563040 0.0290758100 1 0 0 0 
1 0 0 0 0.5314192217 0.1386258359 0.1664510761 0.1555239716 1 0 0 0 
1 0 0 0 0.9987628895 0.0016188898 0.0001671803 0.0000041770 1 0 0 0 
1 0 0 0 0.6386689051 0.3643082783 0.0140639085 0.0132221676 1 0 0 0 
1 0 0 0 0.5189873205 0.0832236550 0.2087574231 0.1933443941 1 0 0 0 
0 0 1 0 0.5314192217 0.1386258359 0.1664510761 0.1555239716 1 0 0 0 
1 0 0 0 0.6283114844 0.3750828039 0.0076212157 0.0288660126 1 0 0 0 
1 0 0 0 0.6130826783 0.3922881401 0.0124798922 0.0109801763 1 0 0 0 
1 0 0 0 0.9897753512 0.0045114838 0.0000306810 0.0004786088 1 0 0 0 
1 0 0 0 0.6534915355 0.2739146251 0.0016745107 0.0461002249 1 0 0 0 
0 1 0 0 0.5959748471 0.3604743066 0.0085119028 0.0076992828 1 0 0 0 
1 0 0 0 0.4078062645 0.0933136019 0.2394845412 0.2134769727 1 0 0 0 
1 0 0 0 0.7353069808 0.2683719115 0.0006198738 0.0015462171 1 0 0 0 
0 1 0 0 0.5621758730 0.2362069383 0.0246808150 0.0972189872 1 0 0 0 
1 0 0 0 0.5611287357 0.4415104555 0.0071477340 0.0140225367 1 0 0 0 
1 0 0 0 0.6225999155 0.3961792176 0.0073472345 0.0193919311 1 0 0 0 
1 0 0 0 0.4613274209 0.1482652203 0.2227681287 0.1649395376 1 0 0 0 
1 0 0 0 0.9969091105 0.0085497722 0.0000046032 0.0000113130 1 0 0 0 
0 0 0 1 0.4029001334 0.0823130972 0.2842529469 0.1636374665 1 0 0 0 
1 0 0 0 0.6357926432 0.2378154013 0.0082895658 0.0695187820 1 0 0 0 
1 0 0 0 0.9897753512 0.0045114838 0.0000306810 0.0004786088 1 0 0 0 
1 0 0 0 0.5832188594 0.4176338351 0.0048863051 0.0113315938 1 0 0 0 
1 0 0 0 0.6070930541 0.3505811042 0.0059563965 0.0547618974 1 0 0 0 
1 0 0 0 0.9992928895 0.0020256965 0.0000163027 0.0000095256 1 0 0 0 
1 0 0 0 0.7288343939 0.2825158103 0.0049031872 0.0159635064 1 0 0 0 
1 0 0 0 0.5609471097 0.4351748664 0.0190241137 0.0099663869 1 0 0 0 
0 1 0 0 0.5969232761 0.3801436824 0.0113647353 0.0163736610 1 0 0 0 
0 1 0 0 0.5609272792 0.2743054643 0.0197306895 0.0877501009 1 0 0 0 
1 0 0 0 0.9897753512 0.0045114838 0.0000306810 0.0004786088 1 0 0 0 
1 0 0 0 0.9992928895 0.0020256965 0.0000163027 0.0000095256 1 0 0 0 
0 1 0 0 0.5292594098 0.2762774361 0.0378998372 0.1262309079 1 0 0 0 
1 0 0 0 0.9987628895 0.0016188898 0.0001671803 0.0000041770 1 0 0 0 
1 0 0 0 0.6070930541 0.3505811042 0.0059563965 0.0547618974 1 0 0 0 
1 0 0 0 0.5832188594 0.4176338351 0.0048863051 0.0113315938 1 0 0 0 
1 0 0 0 0.9950930475 0.0183220229 0.0000061655 0.0000112146 1 0 0 0 
0 0 0 1 0.7128753857 0.0698834932 0.1157033560 0.0848275978 1 0 0 0 
1 0 0 0 0.6225999155 0.3961792176 0.0073472345 0.0193919311 1 0 0 0 
0 1 0 0 0.6070930541 0.3505811042 0.0059563965 0.0547618974 1 0 0 0 
0 1 0 0 0.5609471097 0.4351748664 0.0190241137 0.0099663869 1 0 0 0 
0 1 0 0 0.5025278627 0.1201122656 0.2197113154 0.1693465647 1 0 0 0 
1 0 0 0 0.5292594098 0.2762774361 0.0378998372 0.1262309079 1 0 0 0 
1 0 0 0 0.4078062645 0.0933136019 0.2394845412 0.2134769727 1 0 0 0 
1 0 0 0 0.4614479630 0.1169998022 0.2514989861 0.1770311225 1 0 0 0 
0 1 0 0 0.8043450052 0.1964706456 0.0059849298 0.0033465508 1 0 0 0 
0 0 1 0 0.6740127280 0.0494123804 0.1276582598 0.0710976927 1 0 0 0 
1 0 0 0 0.9966362642 0.0108602988 0.0000030772 0.0000029242 1 0 0 0 
0 1 0 0 0.6386689051 0.3643082783 0.0140639085 0.0132221676 1 0 0 0 
1 0 0 0 0.6170097646 0.4048381383 0.0063021153 0.0111586534 1 0 0 0 
1 0 0 0 0.4029001334 0.0823130972 0.2842529469 0.1636374665 1 0 0 0 
0 1 0 0 0.7333482714 0.2552050173 0.0081726547 0.0063959842 1 0 0 0 
0 1 0 0 0.6920698294 0.3167937414 0.0025930915 0.0167572816 1 0 0 0 
1 0 0 0 0.5249538331 0.0668799017 0.2246329555 0.1623404252 1 0 0 0 
0 0 1 0 0.7128753857 0.0698834932 0.1157033560 0.0848275978 1 0 0 0 
1 0 0 0 0.6560445719 0.3407810249 0.0066644254 0.0165281432 1 0 0 0 
1 0 0 0 0.6276641204 0.3725283209 0.0051056769 0.0193165879 1 0 0 0 
1 0 0 0 0.7128753857 0.0698834932 0.1157033560 0.0848275978 1 0 0 0 
1 0 0 0 0.9966362642 0.0108602988 0.0000030772 0.0000029242 1 0 0 0 
1 0 0 0 0.8043450052 0.1964706456 0.0059849298 0.0033465508 1 0 0 0 
0 1 0 0 0.7288343939 0.2825158103 0.0049031872 0.0159635064 1 0 0 0 
1 0 0 0 0.6276641204 0.3725283209 0.0051056769 0.0193165879 1 0 0 0 
1 0 0 0 0.7905873717 0.2383601304 0.0044588493 0.0130170660 1 0 0 0 
0 1 0 0 0.6283114844 0.3750828039 0.0076212157 0.0288660126 1 0 0 0 
1 0 0 0 0.6064130824 0.0595271296 0.2083147328 0.0913015319 1 0 0 0 
1 0 0 0 0.5292594098 0.2762774361 0.0378998372 0.1262309079 1 0 0 0 
1 0 0 0 0.6225999155 0.3961792176 0.0073472345 0.0193919311 1 0 0 0 
1 0 0 0 0.4614479630 0.1169998022 0.2514989861 0.1770311225 1 0 0 0 
1 0 0 0 0.7288343939 0.2825158103 0.0049031872 0.0159635064 1 0 0 0 
1 0 0 0 0.4078062645 0.0933136019 0.2394845412 0.2134769727 1 0 0 0 
1 0 0 0 0.9975517297 0.0126736164 0.0000332080 0.0000374375 1 0 0 0 
1 0 0 0 0.5550892527 0.4339345686 0.0038750542 0.0150686742 1 0 0 0 
1 0 0 0 0.6534915355 0.2739146251 0.0016745107 0.0461002249 1 0 0 0 
0 1 0 0 0.6560445719 0.3407810249 0.0066644254 0.0165281432 1 0 0 0 
1 0 0 0 0.7333482714 0.2552050173 0.0081726547 0.0063959842 1 0 0 0 
0 0 1 0 0.5314192217 0.1386258359 0.1664510761 0.1555239716 1 0 0 0 
1 0 0 0 0.6130826783 0.3922881401 0.0124798922 0.0109801763 1 0 0 0 
1 0 0 0 0.7353069808 0.2683719115 0.0006198738 0.0015462171 1 0 0 0 
0 1 0 0 0.5832188594 0.4176338351 0.0048863051 0.0113315938 1 0 0 0 
1 0 0 0 0.5249538331 0.0668799017 0.2246329555 0.1623404252 1 0 0 0 
1 0 0 0 0.5550892527 0.4339345686 0.0038750542 0.0150686742 1 0 0 0 
1 0 0 0 0.9950930475 0.0183220229 0.0000061655 0.0000112146 1 0 0 0 
1 0 0 0 0.7288343939 0.2825158103 0.0049031872 0.0159635064 1 0 0 0 
0 1 0 0 0.6920698294 0.3167937414 0.0025930915 0.0167572816 1 0 0 0 
0 1 0 0 0.5832188594 0.4176338351 0.0048863051 0.0113315938 1 0 0 0 
1 0 0 0 0.6534915355 0.2739146251 0.0016745107 0.0461002249 1 0 0 0 
1 0 0 0 0.9995194933 0.0008075751 0.0001050885 0.0000012202 1 0 0 0 
0 1 0 0 0.6386689051 0.3643082783 0.0140639085 0.0132221676 1 0 0 0 
1 0 0 0 0.8167090351 0.2194882788 0.0042218615 0.0122972964 1 0 0 0 
1 0 0 0 0.8167090351 0.2194882788 0.0042218615 0.0122972964 1 0 0 0 
1 0 0 0 0.9967902559 0.0018476256 0.0000011136 0.0001231788 1 0 0 0 
1 0 0 0 0.7525807910 0.2751859079 0.0006847050 0.0132744654 1 0 0 0 
0 1 0 0 0.6566028839 0.3246111874 0.0078771006 0.0147761265 1 0 0 0 
1 0 0 0 0.4029001334 0.0823130972 0.2842529469 0.1636374665 1 0 0 0 
1 0 0 0 0.5609471097 0.4351748664 0.0190241137 0.0099663869 1 0 0 0 
1 0 0 0 0.9969091105 0.0085497722 0.0000046032 0.0000113130 1 0 0 0 
1 0 0 0 0.4078062645 0.0933136019 0.2394845412 0.2134769727 1 0 0 0 
0 0 1 0 0.5249538331 0.0668799017 0.2246329555 0.1623404252 1 0 0 0 
0 1 0 0 0.6556013750 0.3446368302 0.0044360083 0.0111898101 1 0 0 0 
1 0 0 0 0.4029001334 0.0823130972 0.2842529469 0.1636374665 1 0 0 0 
1 0 0 0 0.6596928727 0.3531737639 0.0047708133 0.0154687335 1 0 0 0 
0 1 0 0 0.5896673399 0.3006092612 0.0130870234 0.0795868516 1 0 0 0 
1 0 0 0 0.6048632735 0.3847159306 0.0134067515 0.0093141165 1 0 0 0 
1 0 0 0 0.5959748471 0.3604743066 0.0085119028 0.0076992828 1 0 0 0 
0 1 0 0 0.5903403149 0.2792360851 0.0097610559 0.1068076139 1 0 0 0 
0 1 0 0 0.6170097646 0.4048381383 0.0063021153 0.0111586534 1 0 0 0 
1 0 0 0 0.7353069808 0.2683719115 0.0006198738 0.0015462171 1 0 0 0 
0 1 0 0 0.5249538331 0.0668799017 0.2246329555 0.1623404252 1 0 0 0 
1 0 0 0 0.6170097646 0.4048381383 0.0063021153 0.0111586534 1 0 0 0 
1 0 0 0 0.9950930475 0.0183220229 0.0000061655 0.0000112146 1 0 0 0 
1 0 0 0 0.9987628895 0.0016188898 0.0001671803 0.0000041770 1 0 0 0 
1 0 0 0 0.9975517297 0.0126736164 0.0000332080 0.0000374375 1 0 0 0 
1 0 0 0 0.7525807910 0.2751859079 0.0006847050 0.0132744654 1 0 0 0 
1 0 0 0 0.6357926432 0.2378154013 0.0082895658 0.0695187820 1 0 0 0 
0 1 0 0 0.6534915355 0.2739146251 0.0016745107 0.0461002249 1 0 0 0 
1 0 0 0 0.9987628895 0.0016188898 0.0001671803 0.0000041770 1 0 0 0 
1 0 0 0 0.6412931674 0.3690074114 0.0049180119 0.0257092644 1 0 0 0 
1 0 0 0 0.9992928895 0.0020256965 0.0000163027 0.0000095256 1 0 0 0 
1 0 0 0 0.6669703135 0.3442521822 0.0028643907 0.0173602330 1 0 0 0 
1 0 0 0 0.4613274209 0.1482652203 0.2227681287 0.1649395376 1 0 0 0 
1 0 0 0 0.9992928895 0.0020256965 0.0000163027 0.0000095256 1 0 0 0 
1 0 0 0 0.5314192217 0.1386258359 0.1664510761 0.1555239716 1 0 0 0 
0 1 0 0 0.6170097646 0.4048381383 0.0063021153 0.0111586534 1 0 0 0 
1 0 0 0 0.6064130824 0.0595271296 0.2083147328 0.0913015319 1 0 0 0 
1 0 0 0 0.6386689051 0.3643082783 0.0140639085 0.0132221676 1 0 0 0 
1 0 0 0 0.9966362642 0.0108602988 0.0000030772 0.0000029242 1 0 0 0 
1 0 0 0 0.9967902559 0.0018476256 0.0000011136 0.0001231788 1 0 0 0 
1 0 0 0 0.5611287357 0.4415104555 0.0071477340 0.0140225367 1 0 0 0 
0 1 0 0 0.5249538331 0.0668799017 0.2246329555 0.1623404252 1 0 0 0 
1 0 0 0 0.5903403149 0.2792360851 0.0097610559 0.1068076139 1 0 0 0 
1 0 0 0 0.9975517297 0.0126736164 0.0000332080 0.0000374375 1 0 0 0 
1 0 0 0 0.5292594098 0.2762774361 0.0378998372 0.1262309079 1 0 0 0 
0 1 0 0 0.7124742003 0.2777592945 0.0009887886 0.0169989015 1 0 0 0 
1 0 0 0 0.6534915355 0.2739146251 0.0016745107 0.0461002249 1 0 0 0 
1 0 0 0 0.6357926432 0.2378154013 0.0082895658 0.0695187820 1 0 0 0 
0 1 0 0 0.6225999155 0.3961792176 0.0073472345 0.0193919311 1 0 0 0 
1 0 0 0 0.9969091105 0.0085497722 0.0000046032 0.0000113130 1 0 0 0 
1 0 0 0 0.5609272792 0.2743054643 0.0197306895 0.0877501009 1 0 0 0 
1 0 0 0 0.6283114844 0.3750828039 0.0076212157 0.0288660126 1 0 0 0 
0 1 0 0 0.7525807910 0.2751859079 0.0006847050 0.0132744654 1 0 0 0 
1 0 0 0 0.6207493479 0.3289382449 0.0074576045 0.0706784300 1 0 0 0 
1 0 0 0 0.9993978465 0.0014653023 0.0000034218 0.0000026221 1 0 0 0 
1 0 0 0 0.7333482714 0.2552050173 0.0081726547 0.0063959842 1 0 0 0 
1 0 0 0 0.6669703135 0.3442521822 0.0028643907 0.0173602330 1 0 0 0 
1 0 0 0 0.5959748471 0.3604743066 0.0085119028 0.0076992828 1 0 0 0 
0 1 0 0 0.6170097646 0.4048381383 0.0063021153 0.0111586534 1 0 0 0 
1 0 0 0 0.5292594098 0.2762774361 0.0378998372 0.1262309079 1 0 0 0 
1 0 0 0 0.6283114844 0.3750828039 0.0076212157 0.0288660126 1 0 0 0 
0 1 0 0 0.7124742003 0.2777592945 0.0009887886 0.0169989015 1 0 0 0 
0 1 0 0 0.6283114844 0.3750828039 0.0076212157 0.0288660126 1 0 0 0 
1 0 0 0 0.9966362642 0.0108602988 0.0000030772 0.0000029242 1 0 0 0 
1 0 0 0 0.9933810615 0.0034840885 0.0000040891 0.0002116979 1 0 0 0 
1 0 0 0 0.4078062645 0.0933136019 0.2394845412 0.2134769727 1 0 0 0 
0 0 0 1 0.6534915355 0.2739146251 0.0016745107 0.0461002249 1 0 0 0 
0 0 1 0 0.5314192217 0.1386258359 0.1664510761 0.1555239716 1 0 0 0 
1 0 0 0 0.6556013750 0.3446368302 0.0044360083 0.0111898101 1 0 0 0 
1 0 0 0 0.6560445719 0.3407810249 0.0066644254 0.0165281432 1 0 0 0 
0 0 0 1 0.5903403149 0.2792360851 0.0097610559 0.1068076139 1 0 0 0 
1 0 0 0 0.9975517297 0.0126736164 0.0000332080 0.0000374375 1 0 0 0 
1 0 0 0 0.7333482714 0.2552050173 0.0081726547 0.0063959842 1 0 0 0 
1 0 0 0 0.7288343939 0.2825158103 0.0049031872 0.0159635064 1 0 0 0 
1 0 0 0 0.5832188594 0.4176338351 0.0048863051 0.0113315938 1 0 0 0 
1 0 0 0 0.8043450052 0.1964706456 0.0059849298 0.0033465508 1 0 0 0 
1 0 0 0 0.7128753857 0.0698834932 0.1157033560 0.0848275978 1 0 0 0 
1 0 0 0 0.7124742003 0.2777592945 0.0009887886 0.0169989015 1 0 0 0 
1 0 0 0 0.6710256782 0.3133131166 0.0021563040 0.0290758100 1 0 0 0 
1 0 0 0 0.5609471097 0.4351748664 0.0190241137 0.0099663869 1 0 0 0 
1 0 0 0 0.7653813923 0.2434457820 0.0039286944 0.0097909438 1 0 0 0 
0 1 0 0 0.7288343939 0.2825158103 0.0049031872 0.0159635064 1 0 0 0 
0 1 0 0 0.6412931674 0.3690074114 0.0049180119 0.0257092644 1 0 0 0 
1 0 0 0 0.6596928727 0.3531737639 0.0047708133 0.0154687335 1 0 0 0 
1 0 0 0 0.5609471097 0.4351748664 0.0190241137 0.0099663869 1 0 0 0 
0 1 0 0 0.6560445719 0.3407810249 0.0066644254 0.0165281432 1 0 0 0 
1 0 0 0 0.6560445719 0.3407810249 0.0066644254 0.0165281432 1 0 0 0 
0 1 0 0 0.6534915355 0.2739146251 0.0016745107 0.0461002249 1 0 0 0 
1 0 0 0 0.9995194933 0.0008075751 0.0001050885 0.0000012202 1 0 0 0 
1 0 0 0 0.6560445719 0.3407810249 0.0066644254 0.0165281432 1 0 0 0 
1 0 0 0 0.4592407277 0.0824523355 0.1946040660 0.1767398507 1 0 0 0 
1 0 0 0 0.5896673399 0.3006092612 0.0130870234 0.0795868516 1 0 0 0 
1 0 0 0 0.5025278627 0.1201122656 0.2197113154 0.1693465647 1 0 0 0 
1 0 0 0 0.5896673399 0.3006092612 0.0130870234 0.0795868516 1 0 0 0 
1 0 0 0 0.6276641204 0.3725283209 0.0051056769 0.0193165879 1 0 0 0 
1 0 0 0 0.6170097646 0.4048381383 0.0063021153 0.0111586534 1 0 0 0 
1 0 0 0 0.9967902559 0.0018476256 0.0000011136 0.0001231788 1 0 0 0 
0 1 0 0 0.6207493479 0.3289382449 0.0074576045 0.0706784300 1 0 0 0 
1 0 0 0 0.4613274209 0.1482652203 0.2227681287 0.1649395376 1 0 0 0 
0 1 0 0 0.7653813923 0.2434457820 0.0039286944 0.0097909438 1 0 0 0 
0 1 0 0 0.6170097646 0.4048381383 0.0063021153 0.0111586534 1 0 0 0 
1 0 0 0 0.7333482714 0.2552050173 0.0081726547 0.0063959842 1 0 0 0 
0 1 0 0 0.5609471097 0.4351748664 0.0190241137 0.0099663869 1 0 0 0 
1 0 0 0 0.9995194933 0.0008075751 0.0001050885 0.0000012202 1 0 0 0 
0 1 0 0 0.6908233365 0.3346486172 0.0034373220 0.0187841915 1 0 0 0 
1 0 0 0 0.6412931674 0.3690074114 0.0049180119 0.0257092644 1 0 0 0 
1 0 0 0 0.6070930541 0.3505811042 0.0059563965 0.0547618974 1 0 0 0 
0 0 1 0 0.4078062645 0.0933136019 0.2394845412 0.2134769727 1 0 0 0 
0 0 0 1 0.4614479630 0.1169998022 0.2514989861 0.1770311225 1 0 0 0 
1 0 0 0 0.9993978465 0.0014653023 0.0000034218 0.0000026221 1 0 0 0 
1 0 0 0 0.5959748471 0.3604743066 0.0085119028 0.0076992828 1 0 0 0 
1 0 0 0 0.9992928895 0.0020256965 0.0000163027 0.0000095256 1 0 0 0 
1 0 0 0 0.9966362642 0.0108602988 0.0000030772 0.0000029242 1 0 0 0 
1 0 0 0 0.5611287357 0.4415104555 0.0071477340 0.0140225367 1 0 0 0 
1 0 0 0 0.7525807910 0.2751859079 0.0006847050 0.0132744654 1 0 0 0 
1 0 0 0 0.5609272792 0.2743054643 0.0197306895 0.0877501009 1 0 0 0 
1 0 0 0 0.5969232761 0.3801436824 0.0113647353 0.0163736610 1 0 0 0 
1 0 0 0 0.7653813923 0.2434457820 0.0039286944 0.0097909438 1 0 0 0 
1 0 0 0 0.6560445719 0.3407810249 0.0066644254 0.0165281432 1 0 0 0 
1 0 0 0 0.9904815554 0.0111182090 0.0000568420 0.0010202913 1 0 0 0 
1 0 0 0 0.9969091105 0.0085497722 0.0000046032 0.0000113130 1 0 0 0 
0 1 0 0 0.6920698294 0.3167937414 0.0025930915 0.0167572816 1 0 0 0 
0 1 0 0 0.6566028839 0.3246111874 0.0078771006 0.0147761265 1 0 0 0 
1 0 0 0 0.9995194933 0.0008075751 0.0001050885 0.0000012202 1 0 0 0 
1 0 0 0 0.5969232761 0.3801436824 0.0113647353 0.0163736610 1 0 0 0 
1 0 0 0 0.5025278627 0.1201122656 0.2197113154 0.1693465647 1 0 0 0 
1 0 0 0 0.4592407277 0.0824523355 0.1946040660 0.1767398507 1 0 0 0 
1 0 0 0 0.9987628895 0.0016188898 0.0001671803 0.0000041770 1 0 0 0 
1 0 0 0 0.5314192217 0.1386258359 0.1664510761 0.1555239716 1 0 0 0 
1 0 0 0 0.4029001334 0.0823130972 0.2842529469 0.1636374665 1 0 0 0 
1 0 0 0 0.6412931674 0.3690074114 0.0049180119 0.0257092644 1 0 0 0 
1 0 0 0 0.5550892527 0.4339345686 0.0038750542 0.0150686742 1 0 0 0 
1 0 0 0 0.5621758730 0.2362069383 0.0246808150 0.0972189872 1 0 0 0 
0 1 0 0 0.5903403149 0.2792360851 0.0097610559 0.1068076139 1 0 0 0 
1 0 0 0 0.9967902559 0.0018476256 0.0000011136 0.0001231788 1 0 0 0 
1 0 0 0 0.9933810615 0.0034840885 0.0000040891 0.0002116979 1 0 0 0 
0 1 0 0 0.6130826783 0.3922881401 0.0124798922 0.0109801763 1 0 0 0 
1 0 0 0 0.5025278627 0.1201122656 0.2197113154 0.1693465647 1 0 0 0 
1 0 0 0 0.9995194933 0.0008075751 0.0001050885 0.0000012202 1 0 0 0 
0 0 1 0 0.5249538331 0.0668799017 0.2246329555 0.1623404252 1 0 0 0 
1 0 0 0 0.5611287357 0.4415104555 0.0071477340 0.0140225367 1 0 0 0 
1 0 0 0 0.6596928727 0.3531737639 0.0047708133 0.0154687335 1 0 0 0 
1 0 0 0 0.5611287357 0.4415104555 0.0071477340 0.0140225367 1 0 0 0 
1 0 0 0 0.6920698294 0.3167937414 0.0025930915 0.0167572816 1 0 0 0 
1 0 0 0 0.5969232761 0.3801436824 0.0113647353 0.0163736610 1 0 0 0 
1 0 0 0 0.6207493479 0.3289382449 0.0074576045 0.0706784300 1 0 0 0 
1 0 0 0 0.6386689051 0.3643082783 0.0140639085 0.0132221676 1 0 0 0 
0 1 0 0 0.6710256782 0.3133131166 0.0021563040 0.0290758100 1 0 0 0 
1 0 0 0 0.5025278627 0.1201122656 0.2197113154 0.1693465647 1 0 0 0 
1 0 0 0 0.7288343939 0.2825158103 0.0049031872 0.0159635064 1 0 0 0 
1 0 0 0 0.5550892527 0.4339345686 0.0038750542 0.0150686742 1 0 0 0 
1 0 0 0 0.6070930541 0.3505811042 0.0059563965 0.0547618974 1 0 0 0 
1 0 0 0 0.6920698294 0.3167937414 0.0025930915 0.0167572816 1 0 0 0 
0 0 0 1 0.5896673399 0.3006092612 0.0130870234 0.0795868516 1 0 0 0 
1 0 0 0 0.6225999155 0.3961792176 0.0073472345 0.0193919311 1 0 0 0 
1 0 0 0 0.7525807910 0.2751859079 0.0006847050 0.0132744654 1 0 0 0 
1 0 0 0 0.6412931674 0.3690074114 0.0049180119 0.0257092644 1 0 0 0 
0 1 0 0 0.5896673399 0.3006092612 0.0130870234 0.0795868516 1 0 0 0 
1 0 0 0 0.4614479630 0.1169998022 0.2514989861 0.1770311225 1 0 0 0 
0 1 0 0 0.6130826783 0.3922881401 0.0124798922 0.0109801763 1 0 0 0 
1 0 0 0 0.6412931674 0.3690074114 0.0049180119 0.0257092644 1 0 0 0 
0 0 0 1 0.5292594098 0.2762774361 0.0378998372 0.1262309079 1 0 0 0 
0 1 0 0 0.5611287357 0.4415104555 0.0071477340 0.0140225367 1 0 0 0 
0 0 1 0 0.4592407277 0.0824523355 0.1946040660 0.1767398507 1 0 0 0 
0 1 0 0 0.6283114844 0.3750828039 0.0076212157 0.0288660126 1 0 0 0 
1 0 0 0 0.4614479630 0.1169998022 0.2514989861 0.1770311225 1 0 0 0 
0 1 0 0 0.7128753857 0.0698834932 0.1157033560 0.0848275978 1 0 0 0 
1 0 0 0 0.5609272792 0.2743054643 0.0197306895 0.0877501009 1 0 0 0 
0 1 0 0 0.6207493479 0.3289382449 0.0074576045 0.0706784300 1 0 0 0 
1 0 0 0 0.9969091105 0.0085497722 0.0000046032 0.0000113130 1 0 0 0 
1 0 0 0 0.6130826783 0.3922881401 0.0124798922 0.0109801763 1 0 0 0 
1 0 0 0 0.5609272792 0.2743054643 0.0197306895 0.0877501009 1 0 0 0 

