1 0 0 0 0.7531638450 0.2758014390 0.0057805023 0.0153621456 1 0 0 0 
1 0 0 0 0.9994931446 0.0008676521 0.0000094198 0.0000018754 1 0 0 0 
1 0 0 0 0.6274533283 0.3943059883 0.0033552470 0.0056761449 1 0 0 0 
1 0 0 0 0.9988087087 0.0020380106 0.0000066919 0.0000015873 1 0 0 0 
1 0 0 0 0.7098893878 0.2811470948 0.0050194406 0.0168628665 1 0 0 0 
1 0 0 0 0.9951584790 0.0065497257 0.0000557429 0.0000103384 1 0 0 0 
0 1 0 0 0.5182461032 0.0726211725 0.2137012196 0.1491628465 1 0 0 0 
1 0 0 0 0.7333055548 0.2902680445 0.0056781530 0.0202127901 1 0 0 0 
0 1 0 0 0.6602666437 0.2243384268 0.0201375105 0.0812675149 1 0 0 0 
1 0 0 0 0.7587305967 0.2540852331 0.0051390895 0.0161198303 1 0 0 0 
0 0 1 0 0.4127134098 0.0981630520 0.1739826610 0.2227610357 1 0 0 0 
1 0 0 0 0.6196696524 0.3696121443 0.0065429091 0.0194592822 1 0 0 0 
1 0 0 0 0.9936416688 0.0098022991 0.0000705363 0.0000198485 1 0 0 0 
0 0 1 0 0.4676254346 0.0938555910 0.2229464336 0.1747130057 1 0 0 0 
0 1 0 0 0.5706479998 0.2498503386 0.0173245840 0.1424471707 1 0 0 0 
1 0 0 0 0.9907764481 0.0117953648 0.0000226889 0.0000418778 1 0 0 0 
1 0 0 0 0.9987962968 0.0018554533 0.0000099411 0.0000025296 1 0 0 0 
0 1 0 0 0.6896042505 0.0552224766 0.1537581747 0.0738619243 1 0 0 0 
0 1 0 0 0.6602666437 0.2243384268 0.0201375105 0.0812675149 1 0 0 0 
0 0 0 1 0.5496657500 0.2888520353 0.0233298429 0.1213121622 1 0 0 0 
1 0 0 0 0.6779764991 0.3709677097 0.0035309647 0.0128194413 1 0 0 0 
1 0 0 0 0.6543110419 0.2975720956 0.0130251086 0.0495933111 1 0 0 0 
1 0 0 0 0.6875010301 0.0496150693 0.1750780828 0.0712901860 1 0 0 0 
1 0 0 0 0.9994931446 0.0008676521 0.0000094198 0.0000018754 1 0 0 0 
1 0 0 0 0.4127134098 0.0981630520 0.1739826610 0.2227610357 1 0 0 0 
1 0 0 0 0.9994931446 0.0008676521 0.0000094198 0.0000018754 1 0 0 0 
0 1 0 0 0.8543543586 0.1526580351 0.0019425150 0.0024472445 1 0 0 0 
1 0 0 0 0.9937639477 0.0053023544 0.0000542122 0.0001579045 1 0 0 0 
1 0 0 0 0.7918365816 0.2548289652 0.0052146395 0.0179468961 1 0 0 0 
1 0 0 0 0.6111470893 0.3954815835 0.0061296380 0.0129015401 1 0 0 0 
1 0 0 0 0.6779764991 0.3709677097 0.0035309647 0.0128194413 1 0 0 0 
1 0 0 0 0.7531638450 0.2758014390 0.0057805023 0.0153621456 1 0 0 0 
1 0 0 0 0.9937639477 0.0053023544 0.0000542122 0.0001579045 1 0 0 0 
1 0 0 0 0.4361538182 0.0810685312 0.2892919832 0.1925380848 1 0 0 0 
0 0 1 0 0.5182461032 0.0726211725 0.2137012196 0.1491628465 1 0 0 0 
1 0 0 0 0.9920919099 0.0111043645 0.0000476717 0.0000545648 1 0 0 0 
1 0 0 0 0.6186713124 0.3894097983 0.0054536302 0.0133029349 1 0 0 0 
1 0 0 0 0.9907764481 0.0117953648 0.0000226889 0.0000418778 1 0 0 0 
0 0 0 1 0.6896042505 0.0552224766 0.1537581747 0.0738619243 1 0 0 0 
0 1 0 0 0.4535539134 0.0872097993 0.2623662428 0.1784852837 1 0 0 0 
1 0 0 0 0.6101894750 0.2846442499 0.0103040607 0.1093487530 1 0 0 0 
1 0 0 0 0.6228993226 0.3711422392 0.0049902942 0.0250987966 1 0 0 0 
0 0 0 1 0.6543110419 0.2975720956 0.0130251086 0.0495933111 1 0 0 0 
0 0 0 1 0.4361538182 0.0810685312 0.2892919832 0.1925380848 1 0 0 0 
1 0 0 0 0.6028894864 0.3835578674 0.0060640113 0.0252905286 1 0 0 0 
1 0 0 0 0.6321678797 0.3778216599 0.0045922552 0.0132310082 1 0 0 0 
0 1 0 0 0.8543543586 0.1526580351 0.0019425150 0.0024472445 1 0 0 0 
1 0 0 0 0.9969410800 0.0039466369 0.0000134538 0.0000262636 1 0 0 0 
0 0 1 0 0.4783947109 0.0794513581 0.2040303601 0.2013342259 1 0 0 0 
0 1 0 0 0.6948761376 0.3167661694 0.0018646947 0.0114500793 1 0 0 0 
1 0 0 0 0.5706479998 0.2498503386 0.0173245840 0.1424471707 1 0 0 0 
0 1 0 0 0.6982607613 0.3035181128 0.0024225659 0.0173287894 1 0 0 0 
1 0 0 0 0.4127134098 0.0981630520 0.1739826610 0.2227610357 1 0 0 0 
1 0 0 0 0.6543143939 0.3611712445 0.0033339933 0.0118776847 1 0 0 0 
1 0 0 0 0.4565876981 0.0899454131 0.2520470301 0.1847851373 1 0 0 0 
1 0 0 0 0.5831739285 0.4185518686 0.0042772931 0.0231462392 1 0 0 0 
1 0 0 0 0.9920919099 0.0111043645 0.0000476717 0.0000545648 1 0 0 0 
0 1 0 0 0.7531638450 0.2758014390 0.0057805023 0.0153621456 1 0 0 0 
1 0 0 0 0.9937639477 0.0053023544 0.0000542122 0.0001579045 1 0 0 0 
1 0 0 0 0.6274533283 0.3943059883 0.0033552470 0.0056761449 1 0 0 0 
1 0 0 0 0.4127134098 0.0981630520 0.1739826610 0.2227610357 1 0 0 0 
1 0 0 0 0.5182461032 0.0726211725 0.2137012196 0.1491628465 1 0 0 0 
1 0 0 0 0.7201131128 0.2929433886 0.0046766484 0.0167501396 1 0 0 0 
1 0 0 0 0.6274533283 0.3943059883 0.0033552470 0.0056761449 1 0 0 0 
1 0 0 0 0.5739132310 0.2975943651 0.0156552906 0.1126080227 1 0 0 0 
1 0 0 0 0.6086932079 0.3936184692 0.0056263948 0.0146758543 1 0 0 0 
1 0 0 0 0.6321678797 0.3778216599 0.0045922552 0.0132310082 1 0 0 0 
1 0 0 0 0.6843619038 0.3337926154 0.0062601831 0.0186901302 1 0 0 0 
1 0 0 0 0.5592557394 0.3160950098 0.0184713754 0.1209242053 1 0 0 0 
1 0 0 0 0.9936416688 0.0098022991 0.0000705363 0.0000198485 1 0 0 0 
0 1 0 0 0.6136241147 0.0603965625 0.1904829782 0.0907281503 1 0 0 0 
1 0 0 0 0.4455809531 0.0865423239 0.2533903771 0.1913405234 1 0 0 0 
0 1 0 0 0.5592557394 0.3160950098 0.0184713754 0.1209242053 1 0 0 0 
1 0 0 0 0.6274533283 0.3943059883 0.0033552470 0.0056761449 1 0 0 0 
1 0 0 0 0.5847429257 0.3120870250 0.0131182863 0.1079283888 1 0 0 0 
1 0 0 0 0.6111470893 0.3954815835 0.0061296380 0.0129015401 1 0 0 0 
1 0 0 0 0.6875010301 0.0496150693 0.1750780828 0.0712901860 1 0 0 0 
1 0 0 0 0.6086932079 0.3936184692 0.0056263948 0.0146758543 1 0 0 0 
1 0 0 0 0.6028894864 0.3835578674 0.0060640113 0.0252905286 1 0 0 0 
0 1 0 0 0.7090563504 0.2851581359 0.0019732397 0.0236769041 1 0 0 0 
1 0 0 0 0.5721186041 0.4585501952 0.0022853288 0.0147556821 1 0 0 0 
0 1 0 0 0.5706479998 0.2498503386 0.0173245840 0.1424471707 1 0 0 0 
1 0 0 0 0.9937639477 0.0053023544 0.0000542122 0.0001579045 1 0 0 0 
1 0 0 0 0.7333055548 0.2902680445 0.0056781530 0.0202127901 1 0 0 0 
0 1 0 0 0.6779764991 0.3709677097 0.0035309647 0.0128194413 1 0 0 0 
1 0 0 0 0.9951584790 0.0065497257 0.0000557429 0.0000103384 1 0 0 0 
1 0 0 0 0.6063878348 0.4009972594 0.0060917033 0.0152919598 1 0 0 0 
1 0 0 0 0.9964539657 0.0069034800 0.0000253226 0.0000020879 1 0 0 0 
0 1 0 0 0.5592557394 0.3160950098 0.0184713754 0.1209242053 1 0 0 0 
1 0 0 0 0.9920919099 0.0111043645 0.0000476717 0.0000545648 1 0 0 0 
1 0 0 0 0.7918365816 0.2548289652 0.0052146395 0.0179468961 1 0 0 0 
1 0 0 0 0.4127134098 0.0981630520 0.1739826610 0.2227610357 1 0 0 0 
0 0 0 1 0.5847429257 0.3120870250 0.0131182863 0.1079283888 1 0 0 0 
1 0 0 0 0.6948761376 0.3167661694 0.0018646947 0.0114500793 1 0 0 0 
1 0 0 0 0.5341176635 0.0873877444 0.1688196788 0.1488731402 1 0 0 0 
1 0 0 0 0.9988087087 0.0020380106 0.0000066919 0.0000015873 1 0 0 0 
1 0 0 0 0.6697306992 0.3415183825 0.0058083292 0.0222974061 1 0 0 0 
1 0 0 0 0.4783947109 0.0794513581 0.2040303601 0.2013342259 1 0 0 0 
0 0 1 0 0.5341176635 0.0873877444 0.1688196788 0.1488731402 1 0 0 0 
1 0 0 0 0.6228993226 0.3711422392 0.0049902942 0.0250987966 1 0 0 0 
1 0 0 0 0.6196696524 0.3696121443 0.0065429091 0.0194592822 1 0 0 0 
1 0 0 0 0.9937639477 0.0053023544 0.0000542122 0.0001579045 1 0 0 0 
1 0 0 0 0.6543110419 0.2975720956 0.0130251086 0.0495933111 1 0 0 0 
0 1 0 0 0.6227781827 0.3672546479 0.0056051943 0.0203672608 1 0 0 0 
1 0 0 0 0.4455809531 0.0865423239 0.2533903771 0.1913405234 1 0 0 0 
1 0 0 0 0.7098893878 0.2811470948 0.0050194406 0.0168628665 1 0 0 0 
0 1 0 0 0.5706479998 0.2498503386 0.0173245840 0.1424471707 1 0 0 0 
1 0 0 0 0.5831739285 0.4185518686 0.0042772931 0.0231462392 1 0 0 0 
1 0 0 0 0.6063878348 0.4009972594 0.0060917033 0.0152919598 1 0 0 0 
1 0 0 0 0.4565876981 0.0899454131 0.2520470301 0.1847851373 1 0 0 0 
1 0 0 0 0.9936416688 0.0098022991 0.0000705363 0.0000198485 1 0 0 0 
0 0 0 1 0.4361538182 0.0810685312 0.2892919832 0.1925380848 1 0 0 0 
1 0 0 0 0.6602666437 0.2243384268 0.0201375105 0.0812675149 1 0 0 0 
1 0 0 0 0.9937639477 0.0053023544 0.0000542122 0.0001579045 1 0 0 0 
1 0 0 0 0.6086932079 0.3936184692 0.0056263948 0.0146758543 1 0 0 0 
1 0 0 0 0.6251416857 0.3407152236 0.0053668677 0.0304002227 1 0 0 0 
1 0 0 0 0.9981206761 0.0030829750 0.0000177873 0.0000041091 1 0 0 0 
1 0 0 0 0.7333055548 0.2902680445 0.0056781530 0.0202127901 1 0 0 0 
1 0 0 0 0.6111470893 0.3954815835 0.0061296380 0.0129015401 1 0 0 0 
0 1 0 0 0.6321678797 0.3778216599 0.0045922552 0.0132310082 1 0 0 0 
0 1 0 0 0.5496657500 0.2888520353 0.0233298429 0.1213121622 1 0 0 0 
1 0 0 0 0.9937639477 0.0053023544 0.0000542122 0.0001579045 1 0 0 0 
1 0 0 0 0.9981206761 0.0030829750 0.0000177873 0.0000041091 1 0 0 0 
0 1 0 0 0.5592557394 0.3160950098 0.0184713754 0.1209242053 1 0 0 0 
1 0 0 0 0.9988087087 0.0020380106 0.0000066919 0.0000015873 1 0 0 0 
1 0 0 0 0.6251416857 0.3407152236 0.0053668677 0.0304002227 1 0 0 0 
1 0 0 0 0.6086932079 0.3936184692 0.0056263948 0.0146758543 1 0 0 0 
1 0 0 0 0.9909721695 0.0195428800 0.0000799370 0.0000174285 1 0 0 0 
0 0 0 1 0.6896042505 0.0552224766 0.1537581747 0.0738619243 1 0 0 0 
1 0 0 0 0.6063878348 0.4009972594 0.0060917033 0.0152919598 1 0 0 0 
0 1 0 0 0.6251416857 0.3407152236 0.0053668677 0.0304002227 1 0 0 0 
0 1 0 0 0.6111470893 0.3954815835 0.0061296380 0.0129015401 1 0 0 0 
0 1 0 0 0.4676254346 0.0938555910 0.2229464336 0.1747130057 1 0 0 0 
1 0 0 0 0.5592557394 0.3160950098 0.0184713754 0.1209242053 1 0 0 0 
1 0 0 0 0.4455809531 0.0865423239 0.2533903771 0.1913405234 1 0 0 0 
1 0 0 0 0.4535539134 0.0872097993 0.2623662428 0.1784852837 1 0 0 0 
0 1 0 0 0.8543543586 0.1526580351 0.0019425150 0.0024472445 1 0 0 0 
0 0 1 0 0.6875010301 0.0496150693 0.1750780828 0.0712901860 1 0 0 0 
1 0 0 0 0.9964539657 0.0069034800 0.0000253226 0.0000020879 1 0 0 0 
0 1 0 0 0.6697306992 0.3415183825 0.0058083292 0.0222974061 1 0 0 0 
1 0 0 0 0.6274533283 0.3943059883 0.0033552470 0.0056761449 1 0 0 0 
1 0 0 0 0.4361538182 0.0810685312 0.2892919832 0.1925380848 1 0 0 0 
0 1 0 0 0.7918365816 0.2548289652 0.0052146395 0.0179468961 1 0 0 0 
0 1 0 0 0.6982607613 0.3035181128 0.0024225659 0.0173287894 1 0 0 0 
1 0 0 0 0.5182461032 0.0726211725 0.2137012196 0.1491628465 1 0 0 0 
0 0 1 0 0.6896042505 0.0552224766 0.1537581747 0.0738619243 1 0 0 0 
1 0 0 0 0.6543143939 0.3611712445 0.0033339933 0.0118776847 1 0 0 0 
1 0 0 0 0.6028894864 0.3835578674 0.0060640113 0.0252905286 1 0 0 0 
1 0 0 0 0.6896042505 0.0552224766 0.1537581747 0.0738619243 1 0 0 0 
1 0 0 0 0.9964539657 0.0069034800 0.0000253226 0.0000020879 1 0 0 0 
1 0 0 0 0.8543543586 0.1526580351 0.0019425150 0.0024472445 1 0 0 0 
0 1 0 0 0.7333055548 0.2902680445 0.0056781530 0.0202127901 1 0 0 0 
1 0 0 0 0.6028894864 0.3835578674 0.0060640113 0.0252905286 1 0 0 0 
1 0 0 0 0.7531638450 0.2758014390 0.0057805023 0.0153621456 1 0 0 0 
0 1 0 0 0.6228993226 0.3711422392 0.0049902942 0.0250987966 1 0 0 0 
1 0 0 0 0.6136241147 0.0603965625 0.1904829782 0.0907281503 1 0 0 0 
1 0 0 0 0.5592557394 0.3160950098 0.0184713754 0.1209242053 1 0 0 0 
1 0 0 0 0.6063878348 0.4009972594 0.0060917033 0.0152919598 1 0 0 0 
1 0 0 0 0.4535539134 0.0872097993 0.2623662428 0.1784852837 1 0 0 0 
1 0 0 0 0.7333055548 0.2902680445 0.0056781530 0.0202127901 1 0 0 0 
1 0 0 0 0.4455809531 0.0865423239 0.2533903771 0.1913405234 1 0 0 0 
1 0 0 0 0.9951584790 0.0065497257 0.0000557429 0.0000103384 1 0 0 0 
1 0 0 0 0.5721186041 0.4585501952 0.0022853288 0.0147556821 1 0 0 0 
1 0 0 0 0.6543110419 0.2975720956 0.0130251086 0.0495933111 1 0 0 0 
0 1 0 0 0.6543143939 0.3611712445 0.0033339933 0.0118776847 1 0 0 0 
1 0 0 0 0.7918365816 0.2548289652 0.0052146395 0.0179468961 1 0 0 0 
0 0 1 0 0.5341176635 0.0873877444 0.1688196788 0.1488731402 1 0 0 0 
1 0 0 0 0.6196696524 0.3696121443 0.0065429091 0.0194592822 1 0 0 0 
1 0 0 0 0.7098893878 0.2811470948 0.0050194406 0.0168628665 1 0 0 0 
0 1 0 0 0.6086932079 0.3936184692 0.0056263948 0.0146758543 1 0 0 0 
1 0 0 0 0.5182461032 0.0726211725 0.2137012196 0.1491628465 1 0 0 0 
1 0 0 0 0.5721186041 0.4585501952 0.0022853288 0.0147556821 1 0 0 0 
1 0 0 0 0.9909721695 0.0195428800 0.0000799370 0.0000174285 1 0 0 0 
1 0 0 0 0.7333055548 0.2902680445 0.0056781530 0.0202127901 1 0 0 0 
0 1 0 0 0.6982607613 0.3035181128 0.0024225659 0.0173287894 1 0 0 0 
0 1 0 0 0.6086932079 0.3936184692 0.0056263948 0.0146758543 1 0 0 0 
1 0 0 0 0.6543110419 0.2975720956 0.0130251086 0.0495933111 1 0 0 0 
1 0 0 0 0.9994931446 0.0008676521 0.0000094198 0.0000018754 1 0 0 0 
0 1 0 0 0.6697306992 0.3415183825 0.0058083292 0.0222974061 1 0 0 0 
1 0 0 0 0.7992753970 0.2468393195 0.0053586593 0.0148810480 1 0 0 0 
1 0 0 0 0.7992753970 0.2468393195 0.0053586593 0.0148810480 1 0 0 0 
1 0 0 0 0.9920919099 0.0111043645 0.0000476717 0.0000545648 1 0 0 0 
1 0 0 0 0.7201131128 0.2929433886 0.0046766484 0.0167501396 1 0 0 0 
0 1 0 0 0.6714044503 0.3262073846 0.0039354611 0.0133792103 1 0 0 0 
1 0 0 0 0.4361538182 0.0810685312 0.2892919832 0.1925380848 1 0 0 0 
1 0 0 0 0.6111470893 0.3954815835 0.0061296380 0.0129015401 1 0 0 0 
1 0 0 0 0.9936416688 0.0098022991 0.0000705363 0.0000198485 1 0 0 0 
1 0 0 0 0.4455809531 0.0865423239 0.2533903771 0.1913405234 1 0 0 0 
0 0 1 0 0.5182461032 0.0726211725 0.2137012196 0.1491628465 1 0 0 0 
0 1 0 0 0.6481225302 0.3528968319 0.0039725637 0.0172338554 1 0 0 0 
1 0 0 0 0.4361538182 0.0810685312 0.2892919832 0.1925380848 1 0 0 0 
1 0 0 0 0.6779764991 0.3709677097 0.0035309647 0.0128194413 1 0 0 0 
0 1 0 0 0.5739132310 0.2975943651 0.0156552906 0.1126080227 1 0 0 0 
1 0 0 0 0.6186713124 0.3894097983 0.0054536302 0.0133029349 1 0 0 0 
1 0 0 0 0.6227781827 0.3672546479 0.0056051943 0.0203672608 1 0 0 0 
0 1 0 0 0.6101894750 0.2846442499 0.0103040607 0.1093487530 1 0 0 0 
0 1 0 0 0.6274533283 0.3943059883 0.0033552470 0.0056761449 1 0 0 0 
1 0 0 0 0.7098893878 0.2811470948 0.0050194406 0.0168628665 1 0 0 0 
0 1 0 0 0.5182461032 0.0726211725 0.2137012196 0.1491628465 1 0 0 0 
1 0 0 0 0.6274533283 0.3943059883 0.0033552470 0.0056761449 1 0 0 0 
1 0 0 0 0.9909721695 0.0195428800 0.0000799370 0.0000174285 1 0 0 0 
1 0 0 0 0.9988087087 0.0020380106 0.0000066919 0.0000015873 1 0 0 0 
1 0 0 0 0.9951584790 0.0065497257 0.0000557429 0.0000103384 1 0 0 0 
1 0 0 0 0.7201131128 0.2929433886 0.0046766484 0.0167501396 1 0 0 0 
1 0 0 0 0.6602666437 0.2243384268 0.0201375105 0.0812675149 1 0 0 0 
0 1 0 0 0.6543110419 0.2975720956 0.0130251086 0.0495933111 1 0 0 0 
1 0 0 0 0.9988087087 0.0020380106 0.0000066919 0.0000015873 1 0 0 0 
1 0 0 0 0.6258564328 0.3642694122 0.0058374106 0.0206679156 1 0 0 0 
1 0 0 0 0.9981206761 0.0030829750 0.0000177873 0.0000041091 1 0 0 0 
1 0 0 0 0.6816590862 0.3385396009 0.0023146006 0.0101349657 1 0 0 0 
1 0 0 0 0.4565876981 0.0899454131 0.2520470301 0.1847851373 1 0 0 0 
1 0 0 0 0.9981206761 0.0030829750 0.0000177873 0.0000041091 1 0 0 0 
1 0 0 0 0.5341176635 0.0873877444 0.1688196788 0.1488731402 1 0 0 0 
0 1 0 0 0.6274533283 0.3943059883 0.0033552470 0.0056761449 1 0 0 0 
1 0 0 0 0.6136241147 0.0603965625 0.1904829782 0.0907281503 1 0 0 0 
1 0 0 0 0.6697306992 0.3415183825 0.0058083292 0.0222974061 1 0 0 0 
1 0 0 0 0.9964539657 0.0069034800 0.0000253226 0.0000020879 1 0 0 0 
1 0 0 0 0.9920919099 0.0111043645 0.0000476717 0.0000545648 1 0 0 0 
1 0 0 0 0.5831739285 0.4185518686 0.0042772931 0.0231462392 1 0 0 0 
0 1 0 0 0.5182461032 0.0726211725 0.2137012196 0.1491628465 1 0 0 0 
1 0 0 0 0.6101894750 0.2846442499 0.0103040607 0.1093487530 1 0 0 0 
1 0 0 0 0.9951584790 0.0065497257 0.0000557429 0.0000103384 1 0 0 0 
1 0 0 0 0.5592557394 0.3160950098 0.0184713754 0.1209242053 1 0 0 0 
0 1 0 0 0.7090563504 0.2851581359 0.0019732397 0.0236769041 1 0 0 0 
1 0 0 0 0.6543110419 0.2975720956 0.0130251086 0.0495933111 1 0 0 0 
1 0 0 0 0.6602666437 0.2243384268 0.0201375105 0.0812675149 1 0 0 0 
0 1 0 0 0.6063878348 0.4009972594 0.0060917033 0.0152919598 1 0 0 0 
1 0 0 0 0.9936416688 0.0098022991 0.0000705363 0.0000198485 1 0 0 0 
1 0 0 0 0.5496657500 0.2888520353 0.0233298429 0.1213121622 1 0 0 0 
1 0 0 0 0.6228993226 0.3711422392 0.0049902942 0.0250987966 1 0 0 0 
0 1 0 0 0.7201131128 0.2929433886 0.0046766484 0.0167501396 1 0 0 0 
1 0 0 0 0.5847429257 0.3120870250 0.0131182863 0.1079283888 1 0 0 0 
1 0 0 0 0.9987962968 0.0018554533 0.0000099411 0.0000025296 1 0 0 0 
1 0 0 0 0.7918365816 0.2548289652 0.0052146395 0.0179468961 1 0 0 0 
1 0 0 0 0.6816590862 0.3385396009 0.0023146006 0.0101349657 1 0 0 0 
1 0 0 0 0.6227781827 0.3672546479 0.0056051943 0.0203672608 1 0 0 0 
0 1 0 0 0.6274533283 0.3943059883 0.0033552470 0.0056761449 1 0 0 0 
1 0 0 0 0.5592557394 0.3160950098 0.0184713754 0.1209242053 1 0 0 0 
1 0 0 0 0.6228993226 0.3711422392 0.0049902942 0.0250987966 1 0 0 0 
0 1 0 0 0.7090563504 0.2851581359 0.0019732397 0.0236769041 1 0 0 0 
0 1 0 0 0.6228993226 0.3711422392 0.0049902942 0.0250987966 1 0 0 0 
1 0 0 0 0.9964539657 0.0069034800 0.0000253226 0.0000020879 1 0 0 0 
1 0 0 0 0.9969410800 0.0039466369 0.0000134538 0.0000262636 1 0 0 0 
1 0 0 0 0.4455809531 0.0865423239 0.2533903771 0.1913405234 1 0 0 0 
0 0 0 1 0.6543110419 0.2975720956 0.0130251086 0.0495933111 1 0 0 0 
0 0 1 0 0.5341176635 0.0873877444 0.1688196788 0.1488731402 1 0 0 0 
1 0 0 0 0.6481225302 0.3528968319 0.0039725637 0.0172338554 1 0 0 0 
1 0 0 0 0.6543143939 0.3611712445 0.0033339933 0.0118776847 1 0 0 0 
0 0 0 1 0.6101894750 0.2846442499 0.0103040607 0.1093487530 1 0 0 0 
1 0 0 0 0.9951584790 0.0065497257 0.0000557429 0.0000103384 1 0 0 0 
1 0 0 0 0.7918365816 0.2548289652 0.0052146395 0.0179468961 1 0 0 0 
1 0 0 0 0.7333055548 0.2902680445 0.0056781530 0.0202127901 1 0 0 0 
1 0 0 0 0.6086932079 0.3936184692 0.0056263948 0.0146758543 1 0 0 0 
1 0 0 0 0.8543543586 0.1526580351 0.0019425150 0.0024472445 1 0 0 0 
1 0 0 0 0.6896042505 0.0552224766 0.1537581747 0.0738619243 1 0 0 0 
1 0 0 0 0.7090563504 0.2851581359 0.0019732397 0.0236769041 1 0 0 0 
1 0 0 0 0.6948761376 0.3167661694 0.0018646947 0.0114500793 1 0 0 0 
1 0 0 0 0.6111470893 0.3954815835 0.0061296380 0.0129015401 1 0 0 0 
1 0 0 0 0.7587305967 0.2540852331 0.0051390895 0.0161198303 1 0 0 0 
0 1 0 0 0.7333055548 0.2902680445 0.0056781530 0.0202127901 1 0 0 0 
0 1 0 0 0.6258564328 0.3642694122 0.0058374106 0.0206679156 1 0 0 0 
1 0 0 0 0.6779764991 0.3709677097 0.0035309647 0.0128194413 1 0 0 0 
1 0 0 0 0.6111470893 0.3954815835 0.0061296380 0.0129015401 1 0 0 0 
0 1 0 0 0.6543143939 0.3611712445 0.0033339933 0.0118776847 1 0 0 0 
1 0 0 0 0.6543143939 0.3611712445 0.0033339933 0.0118776847 1 0 0 0 
0 1 0 0 0.6543110419 0.2975720956 0.0130251086 0.0495933111 1 0 0 0 
1 0 0 0 0.9994931446 0.0008676521 0.0000094198 0.0000018754 1 0 0 0 
1 0 0 0 0.6543143939 0.3611712445 0.0033339933 0.0118776847 1 0 0 0 
1 0 0 0 0.4127134098 0.0981630520 0.1739826610 0.2227610357 1 0 0 0 
1 0 0 0 0.5739132310 0.2975943651 0.0156552906 0.1126080227 1 0 0 0 
1 0 0 0 0.4676254346 0.0938555910 0.2229464336 0.1747130057 1 0 0 0 
1 0 0 0 0.5739132310 0.2975943651 0.0156552906 0.1126080227 1 0 0 0 
1 0 0 0 0.6028894864 0.3835578674 0.0060640113 0.0252905286 1 0 0 0 
1 0 0 0 0.6274533283 0.3943059883 0.0033552470 0.0056761449 1 0 0 0 
1 0 0 0 0.9920919099 0.0111043645 0.0000476717 0.0000545648 1 0 0 0 
0 1 0 0 0.5847429257 0.3120870250 0.0131182863 0.1079283888 1 0 0 0 
1 0 0 0 0.4565876981 0.0899454131 0.2520470301 0.1847851373 1 0 0 0 
0 1 0 0 0.7587305967 0.2540852331 0.0051390895 0.0161198303 1 0 0 0 
0 1 0 0 0.6274533283 0.3943059883 0.0033552470 0.0056761449 1 0 0 0 
1 0 0 0 0.7918365816 0.2548289652 0.0052146395 0.0179468961 1 0 0 0 
0 1 0 0 0.6111470893 0.3954815835 0.0061296380 0.0129015401 1 0 0 0 
1 0 0 0 0.9994931446 0.0008676521 0.0000094198 0.0000018754 1 0 0 0 
0 1 0 0 0.6843619038 0.3337926154 0.0062601831 0.0186901302 1 0 0 0 
1 0 0 0 0.6258564328 0.3642694122 0.0058374106 0.0206679156 1 0 0 0 
1 0 0 0 0.6251416857 0.3407152236 0.0053668677 0.0304002227 1 0 0 0 
0 0 1 0 0.4455809531 0.0865423239 0.2533903771 0.1913405234 1 0 0 0 
0 0 0 1 0.4535539134 0.0872097993 0.2623662428 0.1784852837 1 0 0 0 
1 0 0 0 0.9987962968 0.0018554533 0.0000099411 0.0000025296 1 0 0 0 
1 0 0 0 0.6227781827 0.3672546479 0.0056051943 0.0203672608 1 0 0 0 
1 0 0 0 0.9981206761 0.0030829750 0.0000177873 0.0000041091 1 0 0 0 
1 0 0 0 0.9964539657 0.0069034800 0.0000253226 0.0000020879 1 0 0 0 
1 0 0 0 0.5831739285 0.4185518686 0.0042772931 0.0231462392 1 0 0 0 
1 0 0 0 0.7201131128 0.2929433886 0.0046766484 0.0167501396 1 0 0 0 
1 0 0 0 0.5496657500 0.2888520353 0.0233298429 0.1213121622 1 0 0 0 
1 0 0 0 0.6321678797 0.3778216599 0.0045922552 0.0132310082 1 0 0 0 
1 0 0 0 0.7587305967 0.2540852331 0.0051390895 0.0161198303 1 0 0 0 
1 0 0 0 0.6543143939 0.3611712445 0.0033339933 0.0118776847 1 0 0 0 
1 0 0 0 0.9907764481 0.0117953648 0.0000226889 0.0000418778 1 0 0 0 
1 0 0 0 0.9936416688 0.0098022991 0.0000705363 0.0000198485 1 0 0 0 
0 1 0 0 0.6982607613 0.3035181128 0.0024225659 0.0173287894 1 0 0 0 
0 1 0 0 0.6714044503 0.3262073846 0.0039354611 0.0133792103 1 0 0 0 
1 0 0 0 0.9994931446 0.0008676521 0.0000094198 0.0000018754 1 0 0 0 
1 0 0 0 0.6321678797 0.3778216599 0.0045922552 0.0132310082 1 0 0 0 
1 0 0 0 0.4676254346 0.0938555910 0.2229464336 0.1747130057 1 0 0 0 
1 0 0 0 0.4127134098 0.0981630520 0.1739826610 0.2227610357 1 0 0 0 
1 0 0 0 0.9988087087 0.0020380106 0.0000066919 0.0000015873 1 0 0 0 
1 0 0 0 0.5341176635 0.0873877444 0.1688196788 0.1488731402 1 0 0 0 
1 0 0 0 0.4361538182 0.0810685312 0.2892919832 0.1925380848 1 0 0 0 
1 0 0 0 0.6258564328 0.3642694122 0.0058374106 0.0206679156 1 0 0 0 
1 0 0 0 0.5721186041 0.4585501952 0.0022853288 0.0147556821 1 0 0 0 
1 0 0 0 0.5706479998 0.2498503386 0.0173245840 0.1424471707 1 0 0 0 
0 1 0 0 0.6101894750 0.2846442499 0.0103040607 0.1093487530 1 0 0 0 
1 0 0 0 0.9920919099 0.0111043645 0.0000476717 0.0000545648 1 0 0 0 
1 0 0 0 0.9969410800 0.0039466369 0.0000134538 0.0000262636 1 0 0 0 
0 1 0 0 0.6196696524 0.3696121443 0.0065429091 0.0194592822 1 0 0 0 
1 0 0 0 0.4676254346 0.0938555910 0.2229464336 0.1747130057 1 0 0 0 
1 0 0 0 0.9994931446 0.0008676521 0.0000094198 0.0000018754 1 0 0 0 
0 0 1 0 0.5182461032 0.0726211725 0.2137012196 0.1491628465 1 0 0 0 
1 0 0 0 0.5831739285 0.4185518686 0.0042772931 0.0231462392 1 0 0 0 
1 0 0 0 0.6779764991 0.3709677097 0.0035309647 0.0128194413 1 0 0 0 
1 0 0 0 0.5831739285 0.4185518686 0.0042772931 0.0231462392 1 0 0 0 
1 0 0 0 0.6982607613 0.3035181128 0.0024225659 0.0173287894 1 0 0 0 
1 0 0 0 0.6321678797 0.3778216599 0.0045922552 0.0132310082 1 0 0 0 
1 0 0 0 0.5847429257 0.3120870250 0.0131182863 0.1079283888 1 0 0 0 
1 0 0 0 0.6697306992 0.3415183825 0.0058083292 0.0222974061 1 0 0 0 
0 1 0 0 0.6948761376 0.3167661694 0.0018646947 0.0114500793 1 0 0 0 
1 0 0 0 0.4676254346 0.0938555910 0.2229464336 0.1747130057 1 0 0 0 
1 0 0 0 0.7333055548 0.2902680445 0.0056781530 0.0202127901 1 0 0 0 
1 0 0 0 0.5721186041 0.4585501952 0.0022853288 0.0147556821 1 0 0 0 
1 0 0 0 0.6251416857 0.3407152236 0.0053668677 0.0304002227 1 0 0 0 
1 0 0 0 0.6982607613 0.3035181128 0.0024225659 0.0173287894 1 0 0 0 
0 0 0 1 0.5739132310 0.2975943651 0.0156552906 0.1126080227 1 0 0 0 
1 0 0 0 0.6063878348 0.4009972594 0.0060917033 0.0152919598 1 0 0 0 
1 0 0 0 0.7201131128 0.2929433886 0.0046766484 0.0167501396 1 0 0 0 
1 0 0 0 0.6258564328 0.3642694122 0.0058374106 0.0206679156 1 0 0 0 
0 1 0 0 0.5739132310 0.2975943651 0.0156552906 0.1126080227 1 0 0 0 
1 0 0 0 0.4535539134 0.0872097993 0.2623662428 0.1784852837 1 0 0 0 
0 1 0 0 0.6196696524 0.3696121443 0.0065429091 0.0194592822 1 0 0 0 
1 0 0 0 0.6258564328 0.3642694122 0.0058374106 0.0206679156 1 0 0 0 
0 0 0 1 0.5592557394 0.3160950098 0.0184713754 0.1209242053 1 0 0 0 
0 1 0 0 0.5831739285 0.4185518686 0.0042772931 0.0231462392 1 0 0 0 
0 0 1 0 0.4127134098 0.0981630520 0.1739826610 0.2227610357 1 0 0 0 
0 1 0 0 0.6228993226 0.3711422392 0.0049902942 0.0250987966 1 0 0 0 
1 0 0 0 0.4535539134 0.0872097993 0.2623662428 0.1784852837 1 0 0 0 
0 1 0 0 0.6896042505 0.0552224766 0.1537581747 0.0738619243 1 0 0 0 
1 0 0 0 0.5496657500 0.2888520353 0.0233298429 0.1213121622 1 0 0 0 
0 1 0 0 0.5847429257 0.3120870250 0.0131182863 0.1079283888 1 0 0 0 
1 0 0 0 0.9936416688 0.0098022991 0.0000705363 0.0000198485 1 0 0 0 
1 0 0 0 0.6196696524 0.3696121443 0.0065429091 0.0194592822 1 0 0 0 
1 0 0 0 0.5496657500 0.2888520353 0.0233298429 0.1213121622 1 0 0 0 

